GIS/River Distance/distance raster.asc
NCOLS 1034 
NROWS 625 
XLLCORNER 553389.861999824 
YLLCORNER 4479107.54915764 
CELLSIZE 10 
NODATA_value -9999 
[rows 476 to 509 of 625, columns 858 to 935 of 1034]
1860 1860 1840 1840 1840 1840 1820 1820 1820 1800 1800 1780 1780 1760 1760 1740 1740 1720 1720 1700 1700 1680 1680 1660 1660 1640 1640 1620 1620 1600 1600 1600 1580 1580 1560 1560 1540 1540 1520 1520 1520 1500 1500 1480 1480 1460 1460 1440 1440 1440 1420 1420 1400 1400 1380 1380 1380 1360 1360 1340 1340 1320 1320 1300 1300 1300 1280 1280 1260 1260 1240 1240 1220 1220 1220 1200 1200 1180
1860 1860 1860 1840 1840 1840 1840 1820 1820 1800 1800 1780 1780 1760 1760 1740 1740 1720 1720 1700 1700 1680 1680 1660 1660 1640 1640 1620 1620 1600 1600 1580 1580 1560 1560 1560 1540 1540 1520 1520 1500 1500 1480 1480 1480 1460 1460 1440 1440 1420 1420 1400 1400 1400 1380 1380 1360 1360 1340 1340 1320 1320 1320 1300 1300 1280 1280 1260 1260 1260 1240 1240 1220 1220 1200 1200 1180 1180
1880 1860 1860 1860 1840 1840 1840 1820 1820 1800 1800 1780 1780 1760 1760 1760 1740 1720 1720 1700 1700 1680 1680 1660 1660 1640 1640 1620 1620 1600 1600 1580 1580 1560 1560 1540 1540 1520 1520 1520 1500 1500 1480 1480 1460 1460 1440 1440 1440 1420 1420 1400 1400 1380 1380 1360 1360 1360 1340 1340 1320 1320 1300 1300 1280 1280 1280 1260 1260 1240 1240 1220 1220 1220 1200 1200 1180 1180
1880 1880 1860 1860 1860 1840 1840 1840 1820 1820 1800 1800 1780 1780 1760 1760 1740 1720 1720 1700 1700 1680 1680 1660 1660 1640 1640 1620 1600 1600 1580 1580 1560 1560 1560 1540 1540 1520 1520 1500 1500 1480 1480 1480 1460 1460 1440 1440 1420 1420 1400 1400 1400 1380 1380 1360 1360 1340 1340 1320 1320 1320 1300 1300 1280 1280 1260 1260 1240 1240 1240 1220 1220 1200 1200 1180 1180 1180
1900 1880 1880 1860 1860 1860 1840 1840 1820 1820 1800 1800 1780 1780 1760 1760 1740 1720 1720 1700 1700 1680 1680 1660 1660 1640 1640 1620 1600 1600 1580 1580 1560 1560 1540 1540 1520 1520 1520 1500 1500 1480 1480 1460 1460 1440 1440 1440 1420 1420 1400 1400 1380 1380 1360 1360 1360 1340 1340 1320 1320 1300 1300 1280 1280 1280 1260 1260 1240 1240 1220 1220 1200 1200 1200 1180 1180 1160
1900 1880 1880 1880 1860 1860 1860 1840 1840 1820 1800 1800 1780 1780 1760 1760 1740 1720 1720 1700 1700 1680 1680 1660 1660 1640 1640 1600 1600 1580 1580 1560 1560 1560 1540 1540 1520 1520 1500 1500 1480 1480 1480 1460 1460 1440 1440 1420 1420 1400 1400 1400 1380 1380 1360 1360 1340 1340 1320 1320 1320 1300 1300 1280 1280 1260 1260 1240 1240 1240 1220 1220 1200 1200 1180 1180 1160 1160
1900 1900 1880 1880 1880 1860 1860 1860 1840 1820 1800 1800 1800 1780 1780 1760 1760 1720 1720 1700 1700 1680 1680 1660 1660 1640 1640 1600 1600 1580 1580 1560 1560 1540 1540 1520 1520 1520 1500 1500 1480 1480 1460 1460 1440 1440 1440 1420 1420 1400 1400 1380 1380 1360 1360 1360 1340 1340 1320 1320 1300 1300 1280 1280 1280 1260 1260 1240 1240 1220 1220 1200 1200 1200 1180 1180 1160 1160
1920 1900 1900 1880 1880 1880 1860 1860 1860 1840 1820 1800 1800 1780 1780 1760 1760 1720 1700 1700 1680 1680 1680 1660 1660 1640 1640 1600 1580 1580 1560 1560 1560 1540 1540 1520 1520 1500 1500 1480 1480 1480 1460 1460 1440 1440 1420 1420 1400 1400 1400 1380 1380 1360 1360 1340 1340 1320 1320 1320 1300 1300 1280 1280 1260 1260 1240 1240 1240 1220 1220 1200 1200 1180 1180 1160 1160 1160
1920 1920 1900 1900 1880 1880 1880 1860 1860 1860 1820 1800 1800 1780 1780 1760 1760 1720 1700 1700 1680 1680 1660 1660 1640 1640 1600 1580 1580 1580 1560 1560 1540 1540 1520 1520 1520 1500 1500 1480 1480 1460 1460 1440 1440 1440 1420 1420 1400 1400 1380 1380 1360 1360 1360 1340 1340 1320 1320 1300 1300 1280 1280 1280 1260 1260 1240 1240 1220 1220 1200 1200 1200 1180 1180 1160 1160 1140
1920 1920 1920 1900 1900 1880 1880 1880 1860 1860 1860 1800 1800 1780 1780 1760 1760 1720 1700 1700 1680 1680 1660 1660 1640 1640 1600 1580 1580 1560 1560 1540 1540 1540 1520 1520 1500 1500 1480 1480 1480 1460 1460 1440 1440 1420 1420 1400 1400 1400 1380 1380 1360 1360 1340 1340 1320 1320 1320 1300 1300 1280 1280 1260 1260 1240 1240 1240 1220 1220 1200 1200 1180 1180 1160 1160 1160 1140
1940 1920 1920 1900 1900 1900 1880 1880 1880 1860 1860 1820 1800 1800 1780 1780 1760 1760 1700 1700 1680 1680 1660 1660 1640 1640 1580 1580 1580 1560 1560 1540 1540 1520 1520 1500 1500 1500 1480 1480 1460 1460 1440 1440 1440 1420 1420 1400 1400 1380 1380 1360 1360 1360 1340 1340 1320 1320 1300 1300 1280 1280 1280 1260 1260 1240 1240 1220 1220 1200 1200 1200 1180 1180 1160 1160 1140 1140
1940 1940 1920 1920 1900 1900 1900 1880 1880 1880 1860 1860 1800 1800 1780 1780 1760 1760 1700 1700 1680 1680 1660 1660 1640 1640 1580 1580 1560 1560 1540 1540 1540 1520 1520 1500 1500 1480 1480 1460 1460 1460 1440 1440 1420 1420 1400 1400 1380 1380 1380 1360 1360 1340 1340 1320 1320 1320 1300 1300 1280 1280 1260 1260 1240 1240 1240 1220 1220 1200 1200 1180 1180 1160 1160 1160 1140 1140
1940 1940 1940 1920 1920 1900 1900 1900 1880 1880 1880 1860 1800 1800 1780 1780 1760 1760 1700 1700 1680 1680 1660 1660 1640 1580 1580 1580 1560 1560 1540 1540 1520 1520 1500 1500 1500 1480 1480 1460 1460 1440 1440 1420 1420 1420 1400 1400 1380 1380 1360 1360 1340 1340 1340 1320 1320 1300 1300 1280 1280 1280 1260 1260 1240 1240 1220 1220 1200 1200 1200 1180 1180 1160 1160 1140 1140 1120
1960 1940 1940 1940 1920 1920 1900 1900 1900 1880 1880 1880 1860 1800 1800 1780 1780 1760 1700 1700 1680 1680 1660 1660 1640 1580 1580 1560 1560 1540 1540 1540 1520 1520 1500 1500 1480 1480 1460 1460 1460 1440 1440 1420 1420 1400 1400 1380 1380 1380 1360 1360 1340 1340 1320 1320 1300 1300 1300 1280 1280 1260 1260 1240 1240 1240 1220 1220 1200 1200 1180 1180 1160 1160 1160 1140 1140 1120
1960 1960 1940 1940 1920 1920 1920 1900 1900 1900 1880 1880 1880 1860 1800 1780 1780 1760 1700 1700 1680 1680 1660 1660 1640 1580 1580 1560 1560 1540 1540 1520 1520 1500 1500 1500 1480 1480 1460 1460 1440 1440 1420 1420 1420 1400 1400 1380 1380 1360 1360 1340 1340 1340 1320 1320 1300 1300 1280 1280 1260 1260 1260 1240 1240 1220 1220 1200 1200 1200 1180 1180 1160 1160 1140 1140 1120 1120
1960 1960 1960 1940 1940 1920 1920 1920 1900 1900 1900 1880 1880 1880 1800 1780 1780 1760 1700 1700 1680 1680 1660 1660 1640 1580 1560 1560 1540 1540 1540 1520 1520 1500 1500 1480 1480 1460 1460 1460 1440 1440 1420 1420 1400 1400 1380 1380 1380 1360 1360 1340 1340 1320 1320 1300 1300 1300 1280 1280 1260 1260 1240 1240 1220 1220 1220 1200 1200 1180 1180 1160 1160 1140 1140 1140 1120 1120
1980 1960 1960 1960 1940 1940 1920 1920 1920 1900 1900 1900 1880 1880 1880 1780 1780 1760 1700 1700 1680 1680 1660 1660 1580 1580 1560 1560 1540 1540 1520 1520 1500 1500 1500 1480 1480 1460 1460 1440 1440 1420 1420 1420 1400 1400 1380 1380 1360 1360 1340 1340 1340 1320 1320 1300 1300 1280 1280 1260 1260 1260 1240 1240 1220 1220 1200 1200 1180 1180 1180 1160 1160 1140 1140 1120 1120 1100
1980 1980 1960 1960 1960 1940 1940 1920 1920 1920 1900 1900 1900 1880 1880 1800 1780 1780 1700 1700 1680 1680 1660 1660 1580 1560 1560 1540 1540 1540 1520 1520 1500 1500 1480 1480 1460 1460 1460 1440 1440 1420 1420 1400 1400 1380 1380 1380 1360 1360 1340 1340 1320 1320 1300 1300 1300 1280 1280 1260 1260 1240 1240 1220 1220 1220 1200 1200 1180 1180 1160 1160 1140 1140 1140 1120 1120 1100
1980 1980 1980 1960 1960 1960 1940 1940 1920 1920 1920 1900 1900 1900 1880 1880 1780 1780 1700 1700 1680 1680 1660 1660 1580 1560 1560 1540 1540 1520 1520 1500 1500 1500 1480 1480 1460 1460 1440 1440 1420 1420 1420 1400 1400 1380 1380 1360 1360 1340 1340 1340 1320 1320 1300 1300 1280 1280 1260 1260 1260 1240 1240 1220 1220 1200 1200 1180 1180 1180 1160 1160 1140 1140 1120 1120 1100 1100
2000 1980 1980 1980 1960 1960 1940 1940 1940 1920 1920 1920 1900 1900 1900 1880 1780 1780 1700 1700 1680 1680 1660 1580 1560 1560 1540 1540 1540 1520 1520 1500 1500 1480 1480 1460 1460 1460 1440 1440 1420 1420 1400 1400 1380 1380 1380 1360 1360 1340 1340 1320 1320 1300 1300 1300 1280 1280 1260 1260 1240 1240 1220 1220 1220 1200 1200 1180 1180 1160 1160 1140 1140 1140 1120 1120 1100 1100
2000 2000 1980 1980 1980 1960 1960 1940 1940 1940 1920 1920 1920 1900 1900 1900 1880 1780 1780 1700 1680 1680 1660 1560 1560 1560 1540 1540 1520 1520 1500 1500 1500 1480 1480 1460 1460 1440 1440 1420 1420 1420 1400 1400 1380 1380 1360 1360 1340 1340 1340 1320 1320 1300 1300 1280 1280 1260 1260 1260 1240 1240 1220 1220 1200 1200 1180 1180 1180 1160 1160 1140 1140 1120 1120 1100 1100 1100
2000 2000 2000 1980 1980 1980 1960 1960 1940 1940 1940 1920 1920 1920 1900 1900 1900 1880 1780 1680 1680 1660 1660 1560 1560 1540 1540 1520 1520 1520 1500 1500 1480 1480 1460 1460 1460 1440 1440 1420 1420 1400 1400 1380 1380 1380 1360 1360 1340 1340 1320 1320 1300 1300 1300 1280 1280 1260 1260 1240 1240 1220 1220 1220 1200 1200 1180 1180 1160 1160 1140 1140 1140 1120 1120 1100 1100 1080
2020 2000 2000 2000 1980 1980 1980 1960 1960 1940 1940 1940 1920 1920 1920 1900 1900 1900 1780 1680 1680 1660 1660 1560 1560 1540 1540 1520 1520 1500 1500 1480 1480 1480 1460 1460 1440 1440 1420 1420 1400 1400 1400 1380 1380 1360 1360 1340 1340 1340 1320 1320 1300 1300 1280 1280 1260 1260 1260 1240 1240 1220 1220 1200 1200 1180 1180 1180 1160 1160 1140 1140 1120 1120 1100 1100 1100 1080
2020 2020 2000 2000 2000 1980 1980 1960 1960 1960 1940 1940 1940 1920 1920 1920 1900 1900 1880 1680 1680 1660 1560 1560 1540 1540 1520 1520 1520 1500 1500 1480 1480 1460 1460 1440 1440 1440 1420 1420 1400 1400 1380 1380 1360 1360 1360 1340 1340 1320 1320 1300 1300 1300 1280 1280 1260 1260 1240 1240 1220 1220 1220 1200 1200 1180 1180 1160 1160 1140 1140 1140 1120 1120 1100 1100 1080 1080
2020 2020 2020 2000 2000 2000 1980 1980 1960 1960 1960 1940 1940 1940 1920 1920 1920 1900 1900 1680 1680 1660 1560 1560 1540 1540 1520 1520 1500 1500 1480 1480 1480 1460 1460 1440 1440 1420 1420 1400 1400 1400 1380 1380 1360 1360 1340 1340 1320 1320 1320 1300 1300 1280 1280 1260 1260 1260 1240 1240 1220 1220 1200 1200 1180 1180 1180 1160 1160 1140 1140 1120 1120 1100 1100 1100 1080 1080
2040 2020 2020 2020 2000 2000 2000 1980 1980 1960 1960 1960 1940 1940 1940 1920 1920 1920 1900 1900 1680 1660 1560 1540 1540 1520 1520 1520 1500 1500 1480 1480 1460 1460 1440 1440 1440 1420 1420 1400 1400 1380 1380 1360 1360 1360 1340 1340 1320 1320 1300 1300 1280 1280 1280 1260 1260 1240 1240 1220 1220 1200 1200 1200 1180 1180 1160 1160 1140 1140 1140 1120 1120 1100 1100 1080 1080 1060
2040 2040 2020 2020 2020 2000 2000 2000 1980 1980 1960 1960 1960 1940 1940 1940 1920 1920 1920 1900 1680 1560 1560 1540 1540 1520 1520 1500 1500 1480 1480 1480 1460 1460 1440 1440 1420 1420 1400 1400 1400 1380 1380 1360 1360 1340 1340 1320 1320 1320 1300 1300 1280 1280 1260 1260 1240 1240 1240 1220 1220 1200 1200 1180 1180 1160 1160 1160 1140 1140 1120 1120 1100 1100 1100 1080 1080 1060
2040 2040 2040 2020 2020 2020 2000 2000 2000 1980 1980 1960 1960 1960 1940 1940 1940 1920 1920 1920 1680 1560 1540 1540 1520 1520 1520 1500 1500 1480 1480 1460 1460 1440 1440 1440 1420 1420 1400 1400 1380 1380 1360 1360 1360 1340 1340 1320 1320 1300 1300 1280 1280 1280 1260 1260 1240 1240 1220 1220 1200 1200 1200 1180 1180 1160 1160 1140 1140 1120 1120 1120 1100 1100 1080 1080 1060 1060
2060 2040 2040 2040 2020 2020 2020 2000 2000 1980 1980 1980 1960 1960 1960 1940 1940 1940 1920 1920 1900 1560 1540 1540 1520 1520 1500 1500 1480 1480 1480 1460 1460 1440 1440 1420 1420 1400 1400 1400 1380 1380 1360 1360 1340 1340 1320 1320 1320 1300 1300 1280 1280 1260 1260 1240 1240 1240 1220 1220 1200 1200 1180 1180 1160 1160 1160 1140 1140 1120 1120 1100 1100 1080 1080 1080 1060 1060
2060 2060 2040 2040 2040 2020 2020 2020 2000 2000 1980 1980 1980 1960 1960 1960 1940 1940 1940 1920 1920 1540 1540 1520 1520 1520 1500 1500 1480 1480 1460 1460 1440 1440 1440 1420 1420 1400 1400 1380 1380 1360 1360 1360 1340 1340 1320 1320 1300 1300 1280 1280 1280 1260 1260 1240 1240 1220 1220 1200 1200 1200 1180 1180 1160 1160 1140 1140 1120 1120 1120 1100 1100 1080 1080 1060 1060 1040
2060 2060 2060 2040 2040 2040 2020 2020 2020 2000 2000 1980 1980 1980 1960 1960 1960 1940 1940 1940 1920 1540 1540 1520 1520 1500 1500 1480 1480 1480 1460 1460 1440 1440 1420 1420 1400 1400 1400 1380 1380 1360 1360 1340 1340 1320 1320 1320 1300 1300 1280 1280 1260 1260 1240 1240 1240 1220 1220 1200 1200 1180 1180 1160 1160 1160 1140 1140 1120 1120 1100 1100 1080 1080 1080 1060 1060 1040
2080 2060 2060 2060 2040 2040 2040 2020 2020 2020 2000 2000 1980 1980 1980 1960 1960 1960 1940 1940 1940 1540 1520 1520 1520 1500 1500 1480 1480 1460 1460 1440 1440 1440 1420 1420 1400 1400 1380 1380 1360 1360 1360 1340 1340 1320 1320 1300 1300 1280 1280 1280 1260 1260 1240 1240 1220 1220 1200 1200 1200 1180 1180 1160 1160 1140 1140 1120 1120 1120 1100 1100 1080 1080 1060 1060 1040 1040
2080 2080 2060 2060 2060 2040 2040 2040 2020 2020 2000 2000 2000 1980 1980 1980 1960 1960 1960 1940 1940 1540 1520 1520 1500 1500 1480 1480 1460 1460 1460 1440 1440 1420 1420 1400 1400 1400 1380 1380 1360 1360 1340 1340 1320 1320 1320 1300 1300 1280 1280 1260 1260 1240 1240 1240 1220 1220 1200 1200 1180 1180 1160 1160 1160 1140 1140 1120 1120 1100 1100 1080 1080 1080 1060 1060 1040 1040
2080 2080 2080 2060 2060 2060 2040 2040 2040 2020 2020 2000 2000 2000 1980 1980 1980 1960 1960 1960 1940 1520 1520 1500 1500 1500 1480 1480 1460 1460 1440 1440 1420 1420 1420 1400 1400 1380 1380 1360 1360 1360 1340 1340 1320 1320 1300 1300 1280 1280 1280 1260 1260 1240 1240 1220 1220 1200 1200 1200 1180 1180 1160 1160 1140 1140 1120 1120 1120 1100 1100 1080 1080 1060 1060 1040 1040 1040
