GIS/River Distance/distance raster.asc
NCOLS 1034 
NROWS 625 
XLLCORNER 553389.861999824 
YLLCORNER 4479107.54915764 
CELLSIZE 10 
NODATA_value -9999 
[rows 238 to 271 of 625, columns 78 to 155 of 1034]
11620 11620 11600 11600 11600 11580 11580 11560 11560 11540 11540 11540 11520 11520 11500 11500 11480 11480 11460 11460 11460 11440 11440 11380 11360 11360 11360 11340 11340 11340 11320 11320 11300 11300 11300 11280 11280 11260 11260 11260 11240 11240 11240 11220 11220 11220 11200 11200 11200 11200 11200 11200 11180 11180 11160 11160 11140 11140 11140 11120 11120 11100 11100 11080 11080 11060 11060 11060 11040 11040 11020 11020 11000 11000 10980 10980 10980 10960
11620 11620 11600 11600 11580 11580 11560 11560 11560 11540 11540 11520 11520 11500 11500 11500 11480 11480 11460 11460 11440 11440 11380 11380 11360 11360 11340 11340 11340 11320 11320 11300 11300 11300 11280 11280 11280 11260 11260 11240 11240 11240 11220 11220 11220 11200 11200 11200 11200 11200 11200 11200 11180 11180 11160 11160 11140 11140 11120 11120 11100 11100 11100 11080 11080 11060 11060 11040 11040 11020 11020 11020 11000 11000 10980 10980 10980 10960
11620 11600 11600 11580 11580 11580 11560 11560 11540 11540 11520 11520 11520 11500 11500 11480 11480 11460 11460 11460 11440 11440 11380 11360 11360 11340 11340 11340 11320 11320 11320 11300 11300 11280 11280 11280 11260 11260 11240 11240 11240 11220 11220 11220 11220 11200 11200 11200 11200 11200 11200 11180 11180 11160 11160 11160 11140 11140 11120 11120 11100 11100 11080 11080 11060 11060 11060 11040 11040 11020 11020 11000 11000 10980 10980 10980 10980 10960
11600 11600 11600 11580 11580 11560 11560 11540 11540 11540 11520 11520 11500 11500 11480 11480 11480 11460 11460 11440 11440 11380 11360 11360 11360 11340 11340 11320 11320 11320 11300 11300 11280 11280 11280 11260 11260 11260 11240 11240 11220 11220 11220 11220 11200 11200 11200 11200 11200 11200 11200 11180 11180 11160 11160 11140 11140 11120 11120 11100 11100 11100 11080 11080 11060 11060 11040 11040 11020 11020 11020 11000 11000 10980 10980 10980 10980 10960
11600 11600 11580 11580 11560 11560 11560 11540 11540 11520 11520 11500 11500 11500 11480 11480 11460 11460 11440 11440 11380 11360 11360 11360 11340 11340 11320 11320 11320 11300 11300 11280 11280 11280 11260 11260 11260 11240 11240 11220 11220 11220 11220 11200 11200 11200 11200 11200 11200 11200 11180 11180 11160 11160 11160 11140 11140 11120 11120 11100 11100 11080 11080 11060 11060 11060 11040 11040 11020 11020 11000 11000 10980 10980 10980 10980 10980 10960
11600 11600 11580 11580 11560 11560 11540 11540 11540 11520 11520 11500 11500 11480 11480 11460 11460 11460 11440 11380 11360 11360 11360 11340 11340 11320 11320 11320 11300 11300 11300 11280 11280 11260 11260 11260 11240 11240 11220 11220 11220 11220 11200 11200 11200 11200 11200 11200 11200 11200 11180 11180 11160 11160 11140 11140 11120 11120 11120 11100 11100 11080 11080 11060 11060 11040 11040 11020 11020 11020 11000 11000 10980 10980 10980 10980 10960 10960
11600 11580 11580 11560 11560 11560 11540 11540 11520 11520 11500 11500 11500 11480 11480 11460 11460 11440 11440 11360 11360 11360 11340 11340 11340 11320 11320 11300 11300 11300 11280 11280 11260 11260 11260 11240 11240 11240 11220 11220 11220 11220 11200 11200 11200 11200 11200 11200 11200 11180 11180 11160 11160 11160 11140 11140 11120 11120 11100 11100 11080 11080 11060 11060 11060 11040 11040 11020 11020 11000 11000 10980 10980 10980 10980 10980 10960 10960
11580 11580 11580 11560 11560 11540 11540 11520 11520 11520 11500 11500 11480 11480 11460 11460 11460 11440 11380 11360 11360 11340 11340 11340 11320 11320 11300 11300 11300 11280 11280 11280 11260 11260 11240 11240 11240 11220 11220 11220 11220 11200 11200 11200 11200 11200 11200 11200 11200 11180 11180 11160 11160 11140 11140 11120 11120 11120 11100 11100 11080 11080 11060 11060 11040 11040 11020 11020 11020 11000 11000 10980 10980 10980 10980 10980 10960 10960
-9999 11580 11560 11560 11540 11540 11540 11520 11520 11500 11500 11480 11480 11480 11460 11460 11440 11380 11360 11360 11340 11340 11340 11320 11320 11320 11300 11300 11280 11280 11280 11260 11260 11240 11240 11240 11220 11220 11220 11220 11200 11200 11200 11200 11200 11200 11200 11200 11180 11180 11160 11160 11160 11140 11140 11120 11120 11100 11100 11080 11080 11060 11060 11060 11040 11040 11020 11020 11000 11000 10980 10980 10980 10980 10980 10980 10960 10960
-9999 -9999 -9999 11560 11540 11540 11520 11520 11520 11500 11500 11480 11480 11460 11460 11440 11440 11360 11360 11360 11340 11340 11320 11320 11320 11300 11300 11280 11280 11280 11260 11260 11260 11240 11240 11220 11220 11220 11220 11200 11200 11200 11200 11200 11200 11200 11200 11200 11180 11180 11160 11160 11140 11140 11120 11120 11120 11100 11100 11080 11080 11060 11060 11040 11040 11020 11020 11020 11000 11000 10980 10980 10980 10980 10980 10980 10960 10960
-9999 -9999 -9999 -9999 11540 11540 11520 11520 11500 11500 11480 11480 11480 11460 11460 11440 11360 11360 11360 11340 11340 11320 11320 11320 11300 11300 11300 11280 11280 11260 11260 11260 11240 11240 11220 11220 11220 11220 11220 11200 11200 11200 11200 11200 11200 11200 11200 11180 11180 11160 11160 11160 11140 11140 11120 11120 11100 11100 11080 11080 11080 11060 11060 11040 11040 11020 11020 11000 11000 10980 10980 10980 10980 10980 10980 10960 10960 10960
-9999 -9999 -9999 -9999 -9999 -9999 11520 11500 11500 11500 11480 11480 11460 11460 11440 11360 11360 11360 11340 11340 11340 11320 11320 11300 11300 11300 11280 11280 11260 11260 11260 11240 11240 11220 11220 11220 11220 11220 11200 11200 11200 11200 11200 11200 11200 11200 11200 11180 11180 11160 11160 11140 11140 11120 11120 11120 11100 11100 11080 11080 11060 11060 11040 11040 11020 11020 11020 11000 11000 10980 10980 10980 10980 10980 10980 10960 10960 10960
-9999 -9999 -9999 -9999 -9999 -9999 -9999 -9999 11500 11480 11480 11460 11460 11460 11440 11360 11360 11340 11340 11340 11320 11320 11300 11300 11300 11280 11280 11260 11260 11260 11240 11240 11240 11220 11220 11220 11220 11200 11200 11200 11200 11200 11200 11200 11200 11200 11180 11180 11160 11160 11160 11140 11140 11120 11120 11100 11100 11080 11080 11080 11060 11060 11040 11040 11020 11020 11000 11000 10980 10980 10980 10980 10980 10980 10980 10960 10960 10960
-9999 -9999 -9999 -9999 -9999 -9999 -9999 -9999 -9999 11480 11480 11460 11460 11440 11360 11360 11340 11340 11340 11320 11320 11300 11300 11300 11280 11280 11280 11260 11260 11240 11240 11240 11220 11220 11220 11220 11200 11200 11200 11200 11200 11200 11200 11200 11200 11200 11180 11180 11160 11160 11140 11140 11120 11120 11120 11100 11100 11080 11080 11060 11060 11040 11040 11040 11020 11020 11000 11000 10980 10980 10980 10980 10980 10980 10980 10960 10960 10960
-9999 -9999 -9999 -9999 -9999 -9999 -9999 -9999 -9999 -9999 -9999 11460 11460 11360 11360 11340 11340 11340 11320 11320 11320 11300 11300 11280 11280 11280 11260 11260 11240 11240 11240 11220 11220 11220 11220 11220 11200 11200 11200 11200 11200 11200 11200 11200 11200 11180 11180 11160 11160 11160 11140 11140 11120 11120 11100 11100 11080 11080 11080 11060 11060 11040 11040 11020 11020 11000 11000 10980 10980 10980 10980 10980 10980 10980 10980 10960 10960 10960
-9999 -9999 -9999 -9999 -9999 -9999 -9999 -9999 -9999 -9999 -9999 -9999 -9999 11360 11360 11340 11340 11320 11320 11320 11300 11300 11280 11280 11280 11260 11260 11260 11240 11240 11220 11220 11220 11220 11220 11200 11200 11200 11200 11200 11200 11200 11200 11200 11200 11180 11180 11160 11160 11140 11140 11120 11120 11120 11100 11100 11080 11080 11060 11060 11040 11040 11040 11020 11020 11000 11000 10980 10980 10980 10980 10980 10980 10980 10980 10960 10960 10960
-9999 -9999 -9999 -9999 -9999 -9999 -9999 -9999 -9999 -9999 -9999 -9999 -9999 -9999 11340 11340 11320 11320 11320 11300 11300 11300 11280 11280 11260 11260 11260 11240 11240 11220 11220 11220 11220 11220 11200 11200 11200 11200 11200 11200 11200 11200 11200 11200 11180 11180 11180 11160 11160 11140 11140 11120 11120 11100 11100 11080 11080 11080 11060 11060 11040 11040 11020 11020 11000 11000 11000 10980 10980 10980 10980 10980 10980 10980 10960 10960 10960 10960
-9999 -9999 -9999 -9999 -9999 -9999 -9999 -9999 -9999 -9999 -9999 -9999 -9999 -9999 -9999 11340 11320 11320 11300 11300 11300 11280 11280 11260 11260 11260 11240 11240 11240 11220 11220 11220 11220 11200 11200 11200 11200 11200 11200 11200 11200 11200 11200 11200 11180 11180 11160 11160 11140 11140 11120 11120 11120 11100 11100 11080 11080 11060 11060 11040 11040 11040 11020 11020 11000 11000 10980 10980 10980 10980 10980 10980 10980 10980 10960 10960 10960 10960
-9999 -9999 -9999 -9999 -9999 -9999 -9999 -9999 -9999 -9999 -9999 -9999 -9999 -9999 -9999 -9999 11320 11300 11300 11300 11280 11280 11280 11260 11260 11240 11240 11240 11220 11220 11220 11220 11220 11200 11200 11200 11200 11200 11200 11200 11200 11200 11200 11180 11180 11180 11160 11160 11140 11140 11120 11120 11100 11100 11080 11080 11080 11060 11060 11040 11040 11020 11020 11000 11000 11000 10980 10980 10980 10980 10980 10980 10980 10980 10960 10960 10960 10960
-9999 -9999 -9999 -9999 -9999 -9999 -9999 -9999 -9999 -9999 -9999 -9999 -9999 -9999 -9999 -9999 -9999 -9999 11300 11280 11280 11280 11260 11260 11240 11240 11240 11220 11220 11220 11220 11220 11200 11200 11200 11200 11200 11200 11200 11200 11200 11200 11200 11180 11180 11160 11160 11140 11140 11140 11120 11120 11100 11100 11080 11080 11060 11060 11040 11040 11040 11020 11020 11000 11000 10980 10980 10980 10980 10980 10980 10980 10980 10980 10960 10960 10960 10960
-9999 -9999 -9999 -9999 -9999 -9999 -9999 -9999 -9999 -9999 -9999 -9999 -9999 -9999 -9999 -9999 -9999 -9999 -9999 11280 11280 11260 11260 11240 11240 11240 11220 11220 11220 11220 11220 11200 11200 11200 11200 11200 11200 11200 11200 11200 11200 11200 11180 11180 11180 11160 11160 11140 11140 11120 11120 11100 11100 11080 11080 11080 11060 11060 11040 11040 11020 11020 11000 11000 11000 10980 10980 10980 10980 10980 10980 10980 10980 10980 10960 10960 10960 10960
-9999 -9999 -9999 -9999 -9999 -9999 -9999 -9999 -9999 -9999 -9999 -9999 -9999 -9999 -9999 -9999 -9999 -9999 -9999 -9999 11260 11260 11260 11240 11240 11220 11220 11220 11220 11220 11200 11200 11200 11200 11200 11200 11200 11200 11200 11200 11200 11200 11180 11180 11160 11160 11140 11140 11140 11120 11120 11100 11100 11080 11080 11060 11060 11040 11040 11040 11020 11020 11000 11000 10980 10980 10980 10980 10980 10980 10980 10980 10980 10960 10960 10960 10960 10960
-9999 -9999 -9999 -9999 -9999 -9999 -9999 -9999 -9999 -9999 -9999 -9999 -9999 -9999 -9999 -9999 -9999 -9999 -9999 -9999 -9999 11260 11240 11240 11220 11220 11220 11220 11220 11220 11200 11200 11200 11200 11200 11200 11200 11200 11200 11200 11200 11180 11180 11180 11160 11160 11140 11140 11120 11120 11100 11100 11100 11080 11080 11060 11060 11040 11040 11020 11020 11000 11000 11000 10980 10980 10980 10980 10980 10980 10980 10980 10980 10960 10960 10960 10960 10940
-9999 -9999 -9999 -9999 -9999 -9999 -9999 -9999 -9999 -9999 -9999 -9999 -9999 -9999 -9999 -9999 -9999 -9999 -9999 -9999 -9999 -9999 11240 11240 11220 11220 11220 11220 11220 11200 11200 11200 11200 11200 11200 11200 11200 11200 11200 11200 11200 11180 11180 11160 11160 11140 11140 11140 11120 11120 11100 11100 11080 11080 11060 11060 11040 11040 11040 11020 11020 11000 11000 10980 10980 10980 10980 10980 10980 10980 10980 10980 10980 10960 10960 10960 10960 10940
-9999 -9999 -9999 -9999 -9999 -9999 -9999 -9999 -9999 -9999 -9999 -9999 -9999 -9999 -9999 -9999 -9999 -9999 -9999 -9999 -9999 -9999 -9999 -9999 11220 11220 11220 11220 11200 11200 11200 11200 11200 11200 11200 11200 11200 11200 11200 11200 11180 11180 11180 11160 11160 11140 11140 11120 11120 11100 11100 11100 11080 11080 11060 11060 11040 11040 11020 11020 11000 11000 11000 10980 10980 10980 10980 10980 10980 10980 10980 10980 10980 10960 10960 10960 10960 10940
-9999 -9999 -9999 -9999 -9999 -9999 -9999 -9999 -9999 -9999 -9999 -9999 -9999 -9999 -9999 -9999 -9999 -9999 -9999 -9999 -9999 -9999 -9999 -9999 -9999 11220 11220 11200 11200 11200 11200 11200 11200 11200 11200 11200 11200 11200 11200 11200 11180 11180 11160 11160 11140 11140 11140 11120 11120 11100 11100 11080 11080 11060 11060 11040 11040 11040 11020 11020 11000 11000 10980 10980 10980 10980 10980 10980 10980 10980 10980 10980 10980 10960 10960 10960 10960 10940
-9999 -9999 -9999 -9999 -9999 -9999 -9999 -9999 -9999 -9999 -9999 -9999 -9999 -9999 -9999 -9999 -9999 -9999 -9999 -9999 -9999 -9999 -9999 -9999 -9999 -9999 11220 11200 11200 11200 11200 11200 11200 11200 11200 11200 11200 11200 11200 11180 11180 11180 11160 11160 11140 11140 11120 11120 11100 11100 11100 11080 11080 11060 11060 11040 11040 11020 11020 11000 11000 11000 10980 10980 10980 10980 10980 10980 10980 10980 10980 10980 10960 10960 10960 10960 10960 10940
-9999 -9999 -9999 -9999 -9999 -9999 -9999 -9999 -9999 -9999 -9999 -9999 -9999 -9999 -9999 -9999 -9999 -9999 -9999 -9999 -9999 -9999 -9999 -9999 -9999 -9999 -9999 -9999 11200 11200 11200 11200 11200 11200 11200 11200 11200 11200 11200 11180 11180 11160 11160 11140 11140 11140 11120 11120 11100 11100 11080 11080 11060 11060 11060 11040 11040 11020 11020 11000 11000 10980 10980 10980 10980 10980 10980 10980 10980 10980 10980 10980 10960 10960 10960 10960 10960 10940
-9999 -9999 -9999 -9999 -9999 -9999 -9999 -9999 -9999 -9999 -9999 -9999 -9999 -9999 -9999 -9999 -9999 -9999 -9999 -9999 -9999 -9999 -9999 -9999 -9999 -9999 -9999 -9999 -9999 11200 11200 11200 11200 11200 11200 11200 11200 11200 11200 11180 11180 11160 11160 11140 11140 11120 11120 11100 11100 11100 11080 11080 11060 11060 11040 11040 11020 11020 11000 11000 11000 10980 10980 10980 10980 10980 10980 10980 10980 10980 10980 10980 10960 10960 10960 10960 10960 10940
-9999 -9999 -9999 -9999 -9999 -9999 -9999 -9999 -9999 -9999 -9999 -9999 -9999 -9999 -9999 -9999 -9999 -9999 -9999 -9999 -9999 -9999 -9999 -9999 -9999 -9999 -9999 -9999 -9999 -9999 -9999 11200 11200 11200 11200 11200 11200 11200 11180 11180 11160 11160 11140 11140 11140 11120 11120 11100 11100 11080 11080 11060 11060 11060 11040 11040 11020 11020 11000 11000 10980 10980 10980 10980 10980 10980 10980 10980 10980 10980 10980 10980 10960 10960 10960 10960 10960 10940
-9999 -9999 -9999 -9999 -9999 -9999 -9999 -9999 -9999 -9999 -9999 -9999 -9999 -9999 -9999 -9999 -9999 -9999 -9999 -9999 -9999 -9999 -9999 -9999 -9999 -9999 -9999 -9999 -9999 -9999 -9999 -9999 -9999 11200 11200 11200 11200 11200 11180 11180 11160 11160 11140 11140 11120 11120 11100 11100 11100 11080 11080 11060 11060 11040 11040 11020 11020 11020 11000 11000 10980 10980 10980 10980 10980 10980 10980 10980 10980 10980 10980 10980 10960 10960 10960 10960 10960 10940
-9999 -9999 -9999 -9999 -9999 -9999 -9999 -9999 -9999 -9999 -9999 -9999 -9999 -9999 -9999 -9999 -9999 -9999 -9999 -9999 -9999 -9999 -9999 -9999 -9999 -9999 -9999 -9999 -9999 -9999 -9999 -9999 -9999 -9999 11200 11200 11200 11180 11180 11160 11160 11140 11140 11140 11120 11120 11100 11100 11080 11080 11060 11060 11060 11040 11040 11020 11020 11000 11000 10980 10980 10980 10980 10980 10980 10980 10980 10980 10980 10980 10980 10960 10960 10960 10960 10960 10940 10940
-9999 -9999 -9999 -9999 -9999 -9999 -9999 -9999 -9999 -9999 -9999 -9999 -9999 -9999 -9999 -9999 -9999 -9999 -9999 -9999 -9999 -9999 -9999 -9999 -9999 -9999 -9999 -9999 -9999 -9999 -9999 -9999 -9999 -9999 -9999 -9999 11200 11180 11180 11160 11160 11140 11140 11120 11120 11100 11100 11100 11080 11080 11060 11060 11040 11040 11020 11020 11020 11000 11000 10980 10980 10980 10980 10980 10980 10980 10980 10980 10980 10980 10980 10960 10960 10960 10960 10960 10940 10940
-9999 -9999 -9999 -9999 -9999 -9999 -9999 -9999 -9999 -9999 -9999 -9999 -9999 -9999 -9999 -9999 -9999 -9999 -9999 -9999 -9999 -9999 -9999 -9999 -9999 -9999 -9999 -9999 -9999 -9999 -9999 -9999 -9999 -9999 -9999 -9999 -9999 -9999 11160 11160 11160 11140 11140 11120 11120 11100 11100 11080 11080 11060 11060 11060 11040 11040 11020 11020 11000 11000 10980 10980 10980 10980 10980 10980 10980 10980 10980 10980 10980 10980 10980 10960 10960 10960 10960 10960 10940 10940
